512
946 209 905 
907 928 234 
374 104 708 
789 761 822 
76 34 556 
156 37 126 
203 523 32 
589 244 482 
514 345 271 
267 392 168 
243 338 377 
499 596 656 
733 969 759 
792 109 520 
613 537 905 
521 692 941 
646 894 815 
29 835 59 
862 348 755 
132 967 147 
652 209 836 
380 708 431 
35 792 752 
146 935 212 
665 899 748 
921 419 439 
213 416 685 
28 444 871 
438 658 218 
192 141 536 
690 792 745 
877 523 804 
660 910 595 
411 55 881 
622 71 779 
722 991 550 
160 203 965 
196 582 761 
66 19 770 
636 563 910 
171 604 54 
267 833 576 
70 492 485 
16 902 891 
248 875 961 
27 596 303 
928 108 858 
892 303 439 
4 721 810 
773 356 724 
683 878 679 
736 145 511 
663 566 2 
500 582 255 
390 181 482 
703 207 429 
5 134 536 
214 378 191 
5 381 911 
814 154 618 
889 188 495 
567 275 639 
78 937 205 
431 436 138 
686 178 318 
519 880 877 
947 236 362 
483 450 739 
25 454 472 
935 619 977 
904 859 164 
398 425 438 
389 854 726 
593 285 514 
82 322 691 
751 840 570 
627 786 805 
989 620 606 
79 644 411 
902 930 29 
878 833 887 
393 231 664 
182 619 517 
908 563 153 
421 996 474 
111 746 665 
32 373 451 
836 713 70 
794 143 66 
204 45 995 
233 922 180 
471 315 410 
486 496 380 
3 755 294 
155 175 289 
981 637 386 
645 668 758 
447 504 822 
869 649 965 
934 852 9 
280 436 282 
459 259 948 
220 744 796 
951 746 550 
244 253 725 
884 585 713 
270 581 381 
379 28 236 
201 896 884 
517 829 735 
877 460 171 
158 919 429 
106 138 524 
901 89 270 
802 332 874 
878 568 810 
591 189 390 
971 567 417 
206 119 664 
89 635 844 
175 511 304 
697 21 222 
125 126 359 
649 378 447 
270 179 131 
495 409 50 
656 999 238 
45 969 804 
814 526 275 
477 614 909 
321 140 772 
624 837 792 
197 313 917 
555 313 646 
354 934 176 
836 428 584 
885 83 582 
474 480 902 
629 293 427 
903 769 392 
164 441 532 
935 416 368 
726 612 680 
994 519 345 
639 224 278 
166 59 58 
102 295 140 
683 768 971 
937 748 263 
363 651 384 
755 814 176 
638 748 592 
357 825 555 
388 818 425 
732 808 648 
10 973 58 
67 74 704 
558 109 823 
529 45 571 
143 759 221 
526 865 386 
54 502 485 
645 858 309 
551 246 126 
976 329 933 
975 338 257 
33 756 683 
736 666 143 
559 194 187 
481 688 297 
701 566 162 
438 619 663 
922 615 873 
230 165 470 
707 492 798 
991 467 488 
599 499 595 
281 586 260 
775 144 805 
961 624 493 
258 676 58 
771 465 676 
433 386 642 
305 967 806 
126 673 298 
924 663 116 
763 614 614 
357 894 199 
969 669 695 
773 981 670 
265 590 698 
674 360 162 
701 145 900 
342 801 866 
500 927 891 
149 202 553 
264 316 166 
877 24 412 
427 992 432 
473 117 764 
143 733 706 
192 407 417 
353 459 561 
604 801 362 
470 300 640 
360 800 193 
264 63 508 
782 291 531 
545 69 875 
328 542 991 
91 36 723 
796 227 481 
565 931 940 
125 535 740 
838 356 391 
829 715 542 
21 330 604 
528 111 246 
411 655 314 
637 982 855 
627 425 242 
701 572 820 
182 136 751 
473 261 637 
564 450 992 
954 279 58 
495 299 387 
450 179 498 
695 941 504 
8 577 838 
215 555 262 
456 255 185 
628 788 321 
378 260 933 
366 823 382 
357 128 12 
414 974 663 
800 423 841 
649 469 133 
505 477 61 
342 43 615 
955 850 221 
139 477 9 
811 206 620 
743 571 443 
477 279 922 
840 44 896 
502 196 670 
694 844 139 
826 700 967 
886 393 9 
500 347 210 
73 838 39 
81 1000 244 
700 95 167 
494 923 445 
416 762 489 
311 264 36 
332 957 231 
470 135 931 
436 372 323 
796 872 22 
358 944 211 
396 376 210 
639 427 304 
805 921 226 
602 688 988 
442 350 603 
477 681 911 
59 151 45 
989 938 417 
664 86 640 
685 443 935 
895 838 310 
456 476 88 
112 633 8 
337 586 695 
676 27 44 
630 855 77 
541 913 227 
585 254 516 
353 917 601 
992 953 43 
278 199 880 
939 654 708 
27 117 340 
386 454 277 
433 481 655 
476 111 509 
552 651 773 
130 587 26 
646 292 294 
246 283 246 
641 913 796 
520 851 802 
579 877 918 
270 263 371 
546 695 204 
200 522 666 
708 426 668 
833 907 254 
858 904 545 
152 150 180 
749 142 92 
545 661 294 
346 240 171 
263 509 785 
986 407 831 
541 606 704 
206 666 481 
873 498 388 
478 355 291 
375 858 792 
906 959 933 
349 855 946 
642 552 537 
164 166 397 
948 151 803 
130 691 409 
834 248 74 
314 120 571 
53 950 277 
696 324 487 
487 229 797 
772 577 651 
69 570 202 
605 734 367 
1 681 870 
804 163 912 
564 348 160 
637 13 631 
559 66 580 
187 761 255 
673 599 483 
821 722 411 
471 790 981 
24 394 714 
391 747 746 
612 902 260 
523 465 607 
34 453 620 
17 11 37 
596 549 149 
851 574 99 
685 394 821 
96 217 610 
428 240 356 
493 982 454 
238 593 355 
498 468 819 
456 853 271 
75 869 633 
463 465 533 
611 667 106 
710 351 500 
882 798 716 
491 225 307 
198 717 289 
651 307 881 
5 156 700 
175 611 553 
797 38 421 
429 500 237 
962 111 903 
419 172 606 
270 53 403 
985 895 980 
292 93 48 
932 95 354 
164 100 861 
864 626 472 
416 423 509 
188 203 8 
425 516 470 
679 935 641 
284 204 693 
687 541 588 
18 184 680 
65 115 126 
771 278 577 
631 493 203 
102 260 625 
962 448 179 
970 224 695 
791 902 981 
432 186 536 
124 872 428 
63 889 611 
94 305 77 
220 75 355 
796 706 199 
998 159 459 
974 121 906 
153 442 129 
199 232 382 
531 663 567 
66 139 790 
846 201 30 
456 295 335 
885 514 409 
591 309 466 
789 659 625 
247 632 745 
504 136 186 
632 686 769 
366 216 432 
932 634 570 
722 479 770 
751 286 416 
437 170 929 
198 760 590 
663 549 248 
287 147 879 
383 651 367 
920 634 52 
689 999 620 
472 931 253 
393 4 83 
514 106 368 
930 543 890 
858 740 1 
799 754 549 
46 393 696 
277 775 698 
643 47 331 
694 87 330 
665 558 260 
917 950 615 
351 815 720 
71 744 614 
960 954 353 
960 752 459 
861 798 851 
908 74 977 
605 68 23 
935 761 109 
264 426 18 
875 694 319 
841 45 134 
561 115 229 
174 426 182 
879 385 934 
337 597 83 
187 504 508 
163 108 575 
538 395 687 
998 10 464 
16 237 158 
334 77 554 
819 637 20 
48 163 445 
581 41 181 
514 377 778 
948 915 281 
807 429 741 
381 966 135 
68 964 144 
883 331 380 
392 16 457 
945 835 445 
316 234 607 
760 814 647 
293 680 375 
70 627 289 
702 434 70 
442 166 35 
576 585 350 
72 468 680 
451 859 696 
259 156 882 
704 471 115 
662 583 928 
309 875 607 
35 944 234 
676 997 19 
745 439 184 
779 366 121 
481 437 588 
160 240 798 
207 850 953 
88 553 424 
202 215 6 
130 875 232 
736 909 527 
321 936 523 
339 680 313 
875 811 679 
347 291 467 
934 802 706 
83 9 556 
36 96 460 
811 298 26 
816 779 252 
399 514 161 
925 835 96 
447 525 128 
760 751 938 
790 97 580 
256 382 381 
314 465 741 
221 500 837 
680 310 486 
706 477 264 
957 875 129 
469 151 963 
917 949 840 
396 708 590 
333 849 687 
264 105 420 
996 770 884 
737 990 383 
925 669 44 
